0.0001239321
0.0001350308
0.0001388476
0.0001402361
0.0001331726
0.0001254677
0.0001187017
0.0001158830
0.0001105205
0.0001039359
0.0000958150
0.0000843640
0.0000710064
0.0000620710
0.0000608242
0.0000562838
0.0000547288
0.0000531456
0.0000500522
0.0000501964
0.0000504615
0.0000524808
0.0000548248
0.0000591273
0.0000591572
0.0000502140
0.0000368368
0.0000093649
-0.0000184252
-0.0000405186
-0.0000570775
-0.0000649406
-0.0000686028
-0.0000646927
-0.0000622974
-0.0000549292
-0.0000486112
-0.0000417085
-0.0000326382
-0.0000260986
-0.0000221939
-0.0000163306
-0.0000100413
-0.0000049105
0.0000004887
0.0000043644
0.0000078845
0.0000138518
0.0000267050
0.0000508844
0.0000831233
0.0001202603
0.0001668973
0.0002135950
0.0002478512
0.0002695697
0.0002709418
0.0002536035
0.0002208734
0.0001762228
0.0001247035
0.0000806595
0.0000491432
0.0000321462
0.0000284969
0.0000307960
0.0000377720
0.0000465706
0.0000588807
0.0000667879
0.0000700862
0.0000684132
0.0000628329
0.0000529289
0.0000446168
0.0000423846
0.0000461787
0.0000527797
0.0000666792
0.0000830768
0.0001003401
0.0001137732
0.0001216396
0.0001222019
0.0001139279
0.0000952841
0.0000727032
0.0000480742
0.0000170042
-0.0000076395
-0.0000301465
-0.0000440328
-0.0000569081
-0.0000656085
-0.0000687085
-0.0000648846
-0.0000512807
-0.0000234548
0.0000136410
0.0000504102
0.0000867048
0.0001129799
0.0001337840
0.0001444228
0.0001527634
0.0001607015
0.0001717676
0.0001832631
0.0001971878
0.0002231998
0.0002458327
0.0002695821
0.0002972049
0.0003252287
0.0003626930
0.0003968859
0.0004306698
0.0004560824
0.0004761395
0.0004845629
0.0004875837
0.0004805034
0.0004650068
0.0004521738
0.0004421566
0.0004334211
0.0004290803
0.0004198915
0.0004121344
0.0003980975
0.0003700677
0.0003422374
0.0003117960
0.0002883919
0.0002737585
0.0002663084
0.0002659875
0.0002663579
0.0002670562
0.0002616444
0.0002486921
0.0002268186
0.0001977046
0.0001694661
0.0001487391
0.0001326090
0.0001257685
0.0001235149
0.0001177727
0.0001143019
0.0001094658
0.0001043260
0.0001030589
0.0001035604
0.0001056208
0.0001091861
0.0001140481
0.0001154043
0.0001085034
0.0001011048
0.0000900395
0.0000830152
0.0000800825
0.0000798136
0.0000887504
0.0001011840
0.0001052801
0.0001032978
0.0000896296
0.0000647403
0.0000398648
0.0000180623
0.0000097919
0.0000207134
0.0000517923
0.0000932255
0.0001400659
0.0001876263
0.0002252489
0.0002532019
0.0002732314
0.0002807484
0.0002787676
0.0002717813
0.0002581546
0.0002332392
0.0002004570
0.0001650183
0.0001304974
0.0000988339
0.0000718121
0.0000540220
0.0000404511
0.0000338496
0.0000323740
0.0000421505
0.0000539914
0.0000713245
0.0000975787
0.0001237246
0.0001436921
0.0001636627
0.0001820557
0.0001987181
0.0002102255
0.0002162160
0.0002162742
0.0002132019
0.0002066852
0.0002025878
0.0002115761
0.0002271092
0.0002488781
0.0002813772
0.0003119454
0.0003452352
0.0003752304
0.0003944863
0.0004112346
0.0004291120
0.0004501720
0.0004841787
0.0005251170
0.0005666625
0.0006009595
0.0006139721
0.0006057547
0.0005749288
0.0005308324
0.0004796333
0.0004367912
0.0004098504
0.0003953787
0.0003835611
0.0003788339
0.0003763418
0.0003666352
0.0003593155
0.0003578581
0.0003626249
0.0003754073
0.0003963632
0.0004192671
0.0004423852
0.0004608169
0.0004727240
0.0004843905
0.0004929627
0.0004971175
0.0004924677
0.0004885123
0.0004804995
0.0004729186
0.0004639250
0.0004531538
0.0004355413
0.0004138358
0.0003894604
0.0003701713
0.0003560159
0.0003502102
0.0003513770
0.0003504309
0.0003476314
0.0003416542
0.0003279039
0.0003047952
0.0002770223
0.0002508618
0.0002278406
0.0002079545
0.0001974818
0.0001932545
0.0001904190
0.0001856017
0.0001786476
0.0001679211
0.0001550046
0.0001417388
0.0001346628
0.0001248455
0.0001205136
0.0001140609
0.0001102889
0.0000999045
0.0000890840
0.0000777220
0.0000641293
0.0000512107
0.0000401845
0.0000368638
0.0000361355
0.0000407519
0.0000489237
0.0000543196
0.0000570446
0.0000527640
0.0000527684
0.0000432741
0.0000368436
0.0000241314
0.0000174926
0.0000169266
0.0000210064
0.0000330044
0.0000469529
0.0000568847
0.0000645416
0.0000591527
0.0000501142
0.0000374243
0.0000240401
0.0000129182
0.0000070158
0.0000092909
0.0000117748
0.0000189072
0.0000336491
0.0000573277
0.0000958675
0.0001365581
0.0001838479
0.0002344774
0.0002807484
0.0003197639
0.0003517921
0.0003787869
0.0003964192
0.0004065364
0.0004078689
0.0003942916
0.0003720841
0.0003459408
0.0003190232
0.0002929609
0.0002724987
0.0002546205
0.0002470838
0.0002435530
0.0002439234
0.0002496224
0.0002559001
0.0002627052
0.0002715696
0.0002701893
0.0002695426
0.0002648260
0.0002542981
0.0002439261
0.0002332919
0.0002172275
0.0001984286
0.0001766311
0.0001423289
0.0001047552
0.0000609935
0.0000160430
-0.0000265771
-0.0000601799
-0.0000843584
-0.0000971201
-0.0000950937
-0.0000891552
-0.0000671019
-0.0000401678
-0.0000054907
0.0000321867
0.0000713929
0.0001107599
0.0001366152
0.0001509098
0.0001571236
0.0001492860
0.0001383227
0.0001302530
0.0001186364
0.0001109715
0.0001099555
0.0001105255
0.0001046072
0.0001043469
0.0001124436
0.0001285869
0.0001493533
0.0001791342
0.0002147687
0.0002501896
0.0002857670
0.0003157447
0.0003437624
0.0003672293
0.0003896286
0.0004065260
0.0004243109
0.0004368609
0.0004425953
0.0004428916
0.0004297809
0.0004076992
0.0003701526
0.0003325517
0.0002932009
0.0002597491
0.0002336165
0.0002178085
0.0002106861
0.0002153627
0.0002256609
0.0002417385
0.0002561480
0.0002659847
0.0002714063
0.0002678710
0.0002522113
0.0002320820
0.0002056366
0.0001788405
0.0001499493
0.0001250833
0.0001026541
0.0000858238
0.0000715780
0.0000661441
0.0000696253
0.0000712502
0.0000757186
0.0000782823
0.0000804229
0.0000807140
0.0000808440
0.0000855642
0.0000951357
0.0001113525
0.0001328428
0.0001551211
0.0001720149
0.0001819454
0.0001910417
0.0001944528
0.0001935560
0.0001960613
0.0002098862
0.0002274793
0.0002568128
0.0002949332
0.0003373051
0.0003808223
0.0004222747
0.0004661618
0.0005060547
0.0005386387
0.0005651922
0.0005854607
0.0005944898
0.0005935011
0.0005916826
0.0005812192
0.0005620558
0.0005434804
0.0005270200
0.0005095553
0.0004910306
0.0004651598
0.0004335210
0.0003992743
0.0003594530
0.0003221213
0.0002939678
0.0002802031
0.0002828224
0.0003067843
0.0003428012
0.0003782144
0.0004032210
0.0004140389
0.0004022362
0.0003782732
0.0003480648
0.0003177316
0.0002921735
0.0002671537
0.0002446139
0.0002217981
0.0001913040
0.0001534369
0.0001116160
0.0000754891
0.0000501102
0.0000404838
0.0000435970
0.0000609824
0.0000831952
0.0000945614
0.0001011057
0.0000963916
0.0000849596
0.0000590442
0.0000267615
-0.0000099005
-0.0000552367
-0.0000979698
-0.0001423972
-0.0001852110
-0.0002232590
-0.0002566586
-0.0002810357
-0.0003013598
-0.0003163700
-0.0003263363
-0.0003392380
-0.0003583570
-0.0003916238
-0.0004422735
-0.0005118071
-0.0006000948
-0.0007007812
-0.0008074106
-0.0009104140
-0.0010032335
-0.0010840080
-0.0011540927
-0.0012179562
-0.0012832331
-0.0013514326
-0.0014271802
-0.0015039684
-0.0015720205
-0.0016184954
-0.0016384655
-0.0016458432
-0.0016360046
-0.0016171452
-0.0016023132
-0.0015966416
-0.0016065906
-0.0016258544
-0.0016651328
-0.0017053573
-0.0017445670
-0.0017794253
-0.0018067508
-0.0018251518
-0.0018333908
-0.0018318640
-0.0018210181
-0.0018027780
-0.0017804960
-0.0017449088
-0.0017037538
-0.0016491409
-0.0015855342
-0.0015174481
-0.0014449572
-0.0013713022
-0.0013013077
-0.0012320380
-0.0011636731
-0.0010917469
-0.0010179197
-0.0009423201
-0.0008635968
-0.0007865763
-0.0007066892
-0.0006223255
-0.0005317711
-0.0004364255
-0.0003376881
-0.0002338425
-0.0001216919
-0.0000059550
0.0001147247
0.0002431843
0.0003775120
0.0005172254
0.0006633746
0.0008139478
0.0009732679
0.0011364181
0.0013094630
0.0014877480
0.0016651399
0.0018511844
0.0020337272
0.0022145536
0.0023923333
0.0025688507
0.0027411910
0.0029155767
0.0030934288
0.0032729505
0.0034521898
0.0036305716
0.0038044054
0.0039686755
0.0041308764
0.0042862492
0.0044427530
0.0046022727
0.0047650590
0.0049343236
0.0051130729
0.0052979304
0.0054854695
0.0056799231
0.0058778678
0.0060744533
0.0062743300
0.0064745434
0.0066737746
0.0068800502
0.0070888353
0.0073001391
0.0075076384
0.0077143031
0.0079167696
0.0081101426
0.0082989222
0.0084782629
0.0086480164
0.0088109411
0.0089572310
0.0090989860
0.0092311995
0.0093597920
0.0094908915
0.0096200095
0.0097567020
0.0099026622
0.0100610667
0.0102303971
0.0104076588
0.0105960381
0.0107893798
0.0109799990
0.0111649614
0.0113413839
0.0115063827
0.0116617705
0.0118060365
0.0119422115
0.0120748569
0.0122022007
0.0123318154
0.0124603982
0.0125908772
0.0127295037
0.0128638935
0.0129894239
0.0131093365
0.0132128290
0.0132999215
0.0133752258
0.0134448325
0.0135131962
0.0135864077
0.0136658094
0.0137590281
0.0138566914
0.0139604091
0.0140593853
0.0141522205
0.0142314405
0.0143018217
0.0143617545
0.0144017110
0.0144276831
0.0144425974
0.0144586725
0.0144741884
0.0144906962
0.0145131741
0.0145421111
0.0145778952
0.0146178017
0.0146543059
0.0146842191
0.0147197719
0.0147497051
0.0147735321
0.0147908178
0.0148029690
0.0148005156
0.0147769970
0.0147369295
0.0146785967
0.0146033948
0.0145144041
0.0144180254
0.0143161677
0.0142154900
0.0141148912
0.0140209809
0.0139277561
0.0138369763
0.0137456524
0.0136554424
0.0135633590
0.0134663633
0.0133708127
0.0132675427
0.0131614827
0.0130466335
0.0129200582
0.0127849441
0.0126334971
0.0124688482
0.0122924913
0.0121074494
0.0119198078
0.0117371832
0.0115672457
0.0114036775
0.0112449643
0.0110835707
0.0109228897
0.0107553348
0.0105794450
0.0103998844
0.0102196301
0.0100323661
0.0098411721
0.0096460126
0.0094453717
0.0092406927
0.0090272404
0.0088144248
0.0085960300
0.0083705378
0.0081441907
0.0079216997
0.0076938374
0.0074622522
0.0072240492
0.0069763842
0.0067256526
0.0064720198
0.0062172338
0.0059599797
0.0056957754
0.0054309104
0.0051669243
0.0049021904
0.0046381449
0.0043793397
0.0041255260
0.0038702264
0.0036164638
0.0033564369
0.0030948549
0.0028254472
0.0025513384
0.0022711092
0.0019848711
0.0016912028
0.0013903168
0.0010808924
0.0007677857
0.0004512055
0.0001391213
-0.0001700999
-0.0004766622
-0.0007745910
-0.0010703695
-0.0013533217
-0.0016313553
-0.0019091062
-0.0021817616
-0.0024538006
-0.0027234718
-0.0029968366
-0.0032753622
-0.0035699136
-0.0038773676
-0.0041961352
-0.0045230466
-0.0048611637
-0.0051979240
-0.0055348081
-0.0058688051
-0.0062016019
-0.0065270198
-0.0068419417
-0.0071494783
-0.0074480399
-0.0077343481
-0.0080128315
-0.0082862820
-0.0085545306
-0.0088236890
-0.0091029328
-0.0093906664
-0.0096915784
-0.0099963684
-0.0102925706
-0.0105910542
-0.0108778204
-0.0111622052
-0.0114300519
-0.0116842038
-0.0119274496
-0.0121624726
-0.0123934863
-0.0126261836
-0.0128554854
-0.0130889796
-0.0133265459
-0.0135637294
-0.0137931681
-0.0140153637
-0.0142292856
-0.0144322148
-0.0146243901
-0.0148043095
-0.0149703136
-0.0151220648
-0.0152637140
-0.0153932324
-0.0155225290
-0.0156449785
-0.0157635071
-0.0158780292
-0.0159885630
-0.0160965546
-0.0162017120
-0.0162990968
-0.0163960748
-0.0164888258
-0.0165722050
-0.0166554211
-0.0167355343
-0.0168051142
-0.0168661780
-0.0169240639
-0.0169746104
-0.0170225864
-0.0170614705
-0.0170953582
-0.0171111349
-0.0171128934
-0.0171002850
-0.0170747499
-0.0170425284
-0.0170099647
-0.0169834040
-0.0169690912
-0.0169685247
-0.0169830524
-0.0170030469
-0.0170298637
-0.0170493896
-0.0170647736
-0.0170682884
-0.0170569562
-0.0170357140
-0.0170016849
-0.0169565855
-0.0168990164
-0.0168307435
-0.0167520518
-0.0166585786
-0.0165553043
-0.0164410298
-0.0163175662
-0.0161912152
-0.0160664882
-0.0159446279
-0.0158268270
-0.0157111134
-0.0155955687
-0.0154846090
-0.0153734115
-0.0152650717
-0.0151581439
-0.0150513393
-0.0149481206
-0.0148488378
-0.0147553225
-0.0146693055
-0.0145877700
-0.0145138798
-0.0144367578
-0.0143578838
-0.0142679136
-0.0141607199
-0.0140364027
-0.0138981226
-0.0137458713
-0.0135811702
-0.0134134041
-0.0132427164
-0.0130708862
-0.0128966816
-0.0127282679
-0.0125612489
-0.0123925541
-0.0122299384
-0.0120623649
-0.0118973315
-0.0117267623
-0.0115582596
-0.0113947805
-0.0112410226
-0.0110909653
-0.0109448715
-0.0108062242
-0.0106706436
-0.0105351796
-0.0103998944
-0.0102646953
-0.0101201455
-0.0099740689
-0.0098265277
-0.0096761048
-0.0095229664
-0.0093688105
-0.0092153869
-0.0090550495
-0.0088926111
-0.0087250713
-0.0085601503
-0.0084009745
-0.0082459734
-0.0081042998
-0.0079711177
-0.0078463441
-0.0077222399
-0.0075895352
-0.0074592322
-0.0073223193
-0.0071916925
-0.0070676343
-0.0069456786
-0.0068322885
-0.0067260125
-0.0066190668
-0.0065051998
-0.0063828048
-0.0062502218
-0.0061057886
-0.0059557576
-0.0058017336
-0.0056515505
-0.0055068135
-0.0053707122
-0.0052417920
-0.0051171198
-0.0049968787
-0.0048703761
-0.0047346797
-0.0045945134
-0.0044420881
-0.0042820204
-0.0041112670
-0.0039393975
-0.0037698027
-0.0036089372
-0.0034647889
-0.0033375356
-0.0032256720
-0.0031244770
-0.0030276484
-0.0029273013
-0.0028170297
-0.0027015087
-0.0025778057
-0.0024476327
-0.0023126482
-0.0021822191
-0.0020672450
-0.0019615215
-0.0018543029
-0.0017411247
-0.0016160406
-0.0014871964
-0.0013547680
-0.0012204098
-0.0010966001
-0.0009880572
-0.0008949072
-0.0008187591
-0.0007565263
-0.0007034379
-0.0006654457
-0.0006328259
-0.0006129103
-0.0005959780
-0.0005802771
-0.0005563977
-0.0005151864
-0.0004569341
-0.0003758529
-0.0002786614
-0.0001766168
-0.0000761730
0.0000149434
0.0000922750
0.0001545803
0.0002068451
0.0002524183
0.0002960761
0.0003425427
0.0003996070
0.0004702066
0.0005618777
0.0006634197
0.0007823768
0.0009108258
0.0010424815
0.0011696319
0.0012846164
0.0013813041
0.0014566236
0.0015091348
0.0015514883
0.0015932178
0.0016313975
0.0016754575
0.0017223183
0.0017673175
0.0018026264
0.0018345613
0.0018586131
0.0018795650
0.0019021476
0.0019231241
0.0019532490
0.0019876526
0.0020322397
0.0020882711
0.0021491974
0.0022115861
0.0022783905
0.0023449080
0.0024128733
0.0024825942
0.0025511607
0.0026202585
0.0026930536
0.0027726617
0.0028544907
0.0029354810
0.0030124700
0.0030792832
0.0031375578
0.0031887744
0.0032234323
0.0032538847
0.0032784927
0.0033034819
0.0033288485
0.0033576009
0.0033866224
0.0034206620
0.0034551257
0.0034963482
0.0035444364
0.0035918930
0.0036375026
0.0036846447
0.0037241878
0.0037530737
0.0037713055
0.0037802608
0.0037782002
0.0037633823
0.0037433567
0.0037196492
0.0036953687
0.0036720408
0.0036435340
0.0036101011
0.0035735776
0.0035374338
0.0035020772
0.0034770536
0.0034577642
0.0034535518
0.0034610954
0.0034830998
0.0035035833
0.0035254094
0.0035375540
0.0035353767
0.0035174529
0.0034824581
0.0034368262
0.0033822908
0.0033268653
0.0032644163
0.0032013208
0.0031455909
0.0030927286
0.0030491134
0.0030070316
0.0029602497
0.0029149932
0.0028603296
0.0028024828
0.0027337359
0.0026664879
0.0025945000
0.0025287940
0.0024725281
0.0024290178
0.0023906528
0.0023591173
0.0023315017
0.0023015237
0.0022611616
0.0022116326
0.0021479221
0.0020744092
0.0019877607
0.0018956213
0.0017962892
0.0017051682
0.0016190256
0.0015454552
0.0014920539
0.0014462014
0.0014061564
0.0013640529
0.0013183062
0.0012675388
0.0012182889
0.0011614688
0.0011099499
0.0010612366
0.0010095120
0.0009535020
0.0008871810
0.0008089608
0.0007140320
0.0006037597
0.0004842038
0.0003616294
0.0002393926
0.0001301946
0.0000217675
-0.0000841647
-0.0001876166
-0.0002888092
-0.0003818367
-0.0004654900
-0.0005368708
-0.0005898083
-0.0006334435
-0.0006595501
-0.0006755249
-0.0006795209
-0.0006823042
-0.0006792727
-0.0006737400
-0.0006722381
-0.0006735381
-0.0006825387
-0.0007039329
-0.0007422617
-0.0007927762
-0.0008570639
-0.0009352355
-0.0010197467
-0.0011094396
-0.0012000426
-0.0012871286
-0.0013660110
-0.0014380240
-0.0015058766
-0.0015736533
-0.0016407917
-0.0017067813
-0.0017696835
-0.0018292977
-0.0018839951
-0.0019339363
-0.0019778016
-0.0020142700
-0.0020389043
-0.0020533912
-0.0020608438
-0.0020580919
-0.0020482967
-0.0020299714
-0.0020095445
-0.0019920675
-0.0019810096
-0.0019750390
-0.0019758368
-0.0019865136
-0.0020053802
-0.0020322805
-0.0020655805
-0.0021068659
-0.0021514944
-0.0021948239
-0.0022368590
-0.0022774487
-0.0023133263
-0.0023396928
-0.0023610921
-0.0023712937
-0.0023733066
-0.0023716175
-0.0023707646
-0.0023722229
-0.0023759366
-0.0023787354
-0.0023714261
-0.0023527303
-0.0023227952
-0.0022865160
-0.0022503179
-0.0022126577
-0.0021813366
-0.0021501657
-0.0021223012
-0.0020962015
-0.0020765552
-0.0020664175
-0.0020564370
-0.0020465042
-0.0020410007
-0.0020287861
-0.0020079599
-0.0019735568
-0.0019285774
-0.0018777070
-0.0018211901
-0.0017623337
-0.0017060794
-0.0016542027
-0.0016019398
-0.0015538717
-0.0015113623
-0.0014647964
-0.0014217684
-0.0013852271
-0.0013458699
-0.0013100207
-0.0012731278
-0.0012415678
-0.0012152817
-0.0011879302
-0.0011654788
-0.0011475090
-0.0011290090
-0.0011159990
-0.0011036245
-0.0010965834
-0.0010904374
-0.0010807489
-0.0010678301
-0.0010550561
-0.0010396757
-0.0010236877
-0.0010088837
-0.0009937339
-0.0009780330
-0.0009583572
-0.0009328138
-0.0009010923
-0.0008645681
-0.0008247711
-0.0007802711
-0.0007283643
-0.0006742623
-0.0006260845
-0.0005762732
-0.0005341181
-0.0004898587
-0.0004493089
-0.0004230857
-0.0004079730
-0.0004041829
-0.0004073872
-0.0004100407
-0.0004154751
-0.0004158872
-0.0004157260
-0.0004070322
-0.0003927214
-0.0003694781
-0.0003294937
-0.0002696029
-0.0001928144
-0.0000927886
0.0000165974
0.0001292297
0.0002342965
0.0003253717
0.0004005690
0.0004531966
0.0004904973
0.0005137392
0.0005368027
0.0005659617
0.0006045833
0.0006561402
0.0007224212
0.0007973010
0.0008776676
0.0009603068
0.0010372543
0.0011004412
0.0011448585
0.0011748383
0.0011900631
0.0011979737
0.0011999348
0.0012052788
0.0012126175
0.0012254172
0.0012410189
0.0012600863
0.0012801170
0.0012968183
0.0013166696
0.0013365471
0.0013609328
0.0013911945
0.0014333996
0.0014813128
0.0015427434
0.0016114082
0.0016825572
0.0017452622
0.0017979899
0.0018391010
0.0018637868
0.0018749446
0.0018800120
0.0018878532
0.0018979881
0.0019146874
0.0019392638
0.0019638938
0.0019855563
0.0019982183
0.0019974283
0.0019879222
0.0019743820
0.0019614377
0.0019489693
0.0019447739
0.0019457743
0.0019472593
0.0019493200
0.0019505162
0.0019477727
0.0019411801
0.0019307251
0.0019208333
0.0019158788
0.0019170706
0.0019301622
0.0019499821
0.0019744757
0.0020034840
0.0020324618
0.0020523213
0.0020619938
0.0020605125
0.0020423650
0.0020142888
0.0019812808
0.0019436384
0.0019076292
0.0018747711
0.0018480109
0.0018193682
0.0017966443
0.0017799840
0.0017649381
0.0017579348
0.0017544754
0.0017452601
0.0017364075
0.0017214209
0.0017044203
0.0016784417
0.0016507180
0.0016255224
0.0016041691
0.0015883361
0.0015783267
0.0015746010
0.0015683275
0.0015630829
0.0015545789
0.0015431214
0.0015351941
0.0015216026
0.0015117379
0.0015054397
0.0015040281
0.0015150544
0.0015350924
0.0015669998
0.0016121055
0.0016656665
0.0017182953
0.0017715846
0.0018194692
0.0018573109
0.0018929299
0.0019216855
0.0019483327
0.0019729796
0.0019940986
0.0020148598
0.0020337351
0.0020600209
0.0020920351
0.0021343272
0.0021821037
0.0022306247
0.0022643251
0.0022879108
0.0022873951
0.0022689046
0.0022384586
0.0022005423
0.0021612747
0.0021221799
0.0020865210
0.0020498519
0.0020124771
0.0019748041
0.0019449508
0.0019215362
0.0019139540
0.0019236845
0.0019459299
0.0019821770
0.0020262057
0.0020749644
0.0021285693
0.0021810629
0.0022249039
0.0022680721
0.0023092541
0.0023500433
0.0023841164
0.0024097430
0.0024281503
0.0024436275
0.0024511176
0.0024613442
0.0024711433
0.0024804659
0.0024861998
0.0024868670
0.0024748105
0.0024440054
0.0024039979
0.0023594786
0.0023151368
0.0022819956
0.0022649020
0.0022623730
0.0022712937
0.0022901348
0.0023095039
0.0023276670
0.0023459010
0.0023638998
0.0023845236
0.0024076222
0.0024409626
0.0024755182
0.0025118146
0.0025457313
0.0025777417
0.0026019852
0.0026203091
0.0026265903
0.0026224641
0.0026155865
0.0025994652
0.0025831808
0.0025665200
0.0025493212
0.0025313187
0.0025076517
0.0024873463
0.0024638022
0.0024399707
0.0024203864
0.0024003433
0.0023892824
0.0023842383
0.0023854140
0.0023944418
0.0024051423
0.0024145551
0.0024227309
0.0024250734
0.0024280169
0.0024224205
0.0024100179
0.0023940213
